version https://git-lfs.github.com/spec/v1
oid sha256:ad832a9eea62867480d71effb3c9b7df97532c90094c47b1d181e732a087c24a
size 389256
