version https://git-lfs.github.com/spec/v1
oid sha256:9b7f745ad581999e73ea1d4480d5d8a43eafd5986bf6254fa982edc3f8eb72fa
size 2526057
